0.00000000
0.59480155
0.27471592
0.20149838
0.15819477
0.13114590
0.11383692
0.10266298
0.09531089
0.09063578
0.08781386
0.08572759
0.08453803
0.08383143
0.08320816
0.08306317
0.08311962
0.08303123
0.08288611
0.08315304
0.08291273
0.08296214
0.08293351
0.08284645
0.08271875
0.08253019
0.08242499
0.08219000
0.08184145
0.08186388
0.08181424
0.08186256
0.08160210
0.08186255
0.08181425
0.08186388
0.08184145
0.08219000
0.08242499
0.08253019
0.08271876
0.08284646
0.08293352
0.08296215
0.08291273
0.08315305
0.08288612
0.08303123
0.08311963
0.08306317
0.08320817
0.08383143
0.08453803
0.08572760
0.08781386
0.09063578
0.09531089
0.10266298
0.11383692
0.13114590
0.15819477
0.20149838
0.27471592
0.00000000
